39.513804998932756
46.22154900062014
41.51188899959379
35.278956000183825
2.0039999999426072
2.0143000001553446
1.6834840007504681
1.8984940015798202
2.0304010013205698
1.5962799989210907
1.6620480000710813
1.6853489996719873
1.907254998513963
2.096760999847902
3.236094000385492
2.108061000399175
2.0559589993354166
1.9607569993240759
1.894003000415978
1.9550100005290005
36.15403199910361
1.8842529989342438
45.69717599952128
33.66277599889145
1.5349759996752255
1.7552870012877975
5.77888800034998
1.685983999777818
1.6665830007696059
1.8994950005435385
2.014158000747557
1.6455479999422096
1.7560509986651596
1.7594510009075748
3.66370600022492
1.533545000711456
1.9842580004478805
1.699140000710031
1.2280320006539114
1.549865999550093
35.5171800001699
1.864550999016501
2.337916999749723
39.680675999989035
1.8364919997111429
1.8633929994393839
1.9381960009923205
1.4931749992683763
1.6909839996515075
1.554976999614155
1.7045500007952796
1.9364559993846342
2.0511589991656365
1.4872430001560133
2.8035810009896522
1.6791489997558529
3.400798999791732
2.735625999775948
42.26292699968326
1.5443660013261251
36.77698299907206
42.496346000916674
39.09574699900986
1.8826939995051362
2.2887139984959504
2.0556019990181085
2.111404999595834
1.8665919997147284
1.9651980001071934
2.015299998674891
1.9339560003572842
1.7817519983509555
1.8831549987226026
1.7856520007626386
2.611474999866914
1.980557999559096
1.8130530006601475
1.6355349998775637
2.10792500001844
1.6085719998955028
36.05462400082615
1.7221859998244327
1.4886739991197828
2.30851500054996
1.98829900000419
1.8412910012557404
1.589479001268046
2.086604001306114
1.6202810002141632
2.1054610006103758
1.488342999437009
1.920755999890389
1.7864519995782757
1.849754000431858
2.942385001006187
2.7166790005139774
2.4107700010063127
1.481858000261127
1.5605669996148208
1.6083720001915935
41.366254999957164
1.6884840006241575
1.7743880016496405
70.14709299983224
2.718435000133468
2.3769180006638635
1.7739880004228326
1.7250860000785906
1.5207750002446119
1.7423499994038139
1.7485499993199483
1.7725519992382033
1.7253499991056742
1.574646001245128
3.391598000234808
7.725823999862769
2.352494000660954
2.340250000997912
1.7957919990294613
1.5591669998684665
29.00415200019779
2.340316999834613
1.798889999918174
49.140546998387435
1.7435860008845339
1.9673979986691847
41.377960000318126
1.3346669984457549
1.7771889997675316
1.8712549990596017
1.9522570000845008
1.8700540003919741
2.0372590006445535
1.722650000374415
3.453899998930865
1.6560479998588562
1.784346999556874
1.9128050007566344
2.2235380001802696
1.9802120004897006
41.65057399950456
43.85908399854088
1.8633929994393839
2.134807000402361
2.247612001156085
1.4983740002207924
1.5322759991249768
1.9221959992137272
1.7114490001404192
1.7437500009691576
1.6644480001559714
1.9209559995942982
1.7014490003930405
1.7552509998495225
4.151220000494504
1.682648000496556
1.7441870004404336
1.6935809999267804
1.6976810002233833
1.7962919991987292
31.88698800113343
2.429920999929891
63.674470999103505
2.5773279994609766
2.0843029997195117
1.545076998809236
2.252411999506876
1.6269810002995655
1.5988459999789484
2.3077659989212407
1.618747000975418
1.5924460003589047
1.7052490002242848
1.9913579999411013
4.014516000097501
1.9323589986015577
2.0734219997393666
2.4998680000862805
1.9861130003846483
1.7232850004802458
33.87298699999519
2.03530100043281
2.2695129991916474
1.7632880008022767
2.3531179995188722
40.50261700103874
1.7231860001629684
1.7800879995775176
1.6550479995203204
1.8692539997573476
1.6347470009350218
1.8391540015727514
44.84239999874262
1.5242440003930824
49.74944199966558
1.605532001121901
2.1856339990335982
2.133928999683121
1.2338320011622272
1.644175999899744
1.8011900010606041
1.9288959992991295
2.1451070006150985
41.680674999952316
43.00284199962334
1.6498820004926529
1.7978899995796382
2.236464999441523
1.8112529996869853
1.7140500003733905
1.778850999471615
1.7394500009686453
1.6450470011477591
1.932255998326582
2.7984810003545135
1.5908700006548315
1.8193949999840697
1.7445869998482522
1.3668459996551974
1.2072289991920115
1.6061799997260096
1.549078000607551
1.7240860015590442
3.268362999733654
2.065602999209659
1.73488600012206
1.6645830000925343
1.8748550010059262
1.653747998716426
1.8971549998241244
2.250465000543045
1.4609420013584895
1.6796489999251207
2.228864001153852
2.432700001008925
1.658077999309171
1.4131509997241665
1.6177740017155884
1.5212630005407846
1.7616889999771956
1.7831879995355848
36.95104100006574
1.7076849999284605
1.7334870008198777
39.696276999166
2.298713998243329
1.6080799996416317
1.8736540005193092
1.8726540001807734
2.1201620002102572
1.8096529984177323
1.7007490005198633
1.912955000079819
2.417069999864907
2.444900999762467
3.0970319985499373
1.336643999820808
2.9136120010662125
2.279844999065972
2.0109159995627124
1.9415970000409288
40.713127000344684
1.6344810010195943
1.715885999146849
38.89473699928203
2.057802999843261
1.9591569998738123
1.7033490003086627
2.2819659989181673
1.7771519997040741
1.6281470016110688
1.7811520010582171
1.7649509991315426
1.515544001449598
3.1275350011128467
1.3930490003986051
1.9212050010537496
1.5470660000573844
1.4774579994991655
5.323370000041905
1.7983900015678955
45.263354000780964
1.9592970002122456
1.779689000613871
1.6089800010377076
1.986999001019285
1.7873519991553621
1.6923490002227481
1.9872569992003264
1.447141999960877
1.725850999719114
1.9939579997299006
2.8062809997209115
1.7188420006277738
3.4067640008288436
1.6154730001289863
1.6421759992226725
43.02010799983691
1.4178520013956586
1.9443080000201007
1.9721979988389648
1.5774790008435957
1.7803890004870482
1.9667980013764463
1.6690840002411278
1.854391999586369
42.813240999748814
2.2065630000724923
1.7223499999090564
1.8388530006632209
2.031158999670879
1.7369510005664779
2.0105580006202217
1.7575450001459103
2.7612960002443288
1.6430760006187484
2.096624999467167
1.7595879999134922
1.9187050002074102
1.561667000714806
36.27160700125387
1.5270759995473782
1.7272860004595714
1.693083999271039
39.40446299930045
1.791951999621233
2.988987000207999
1.8576540005597053
1.749650999045116
1.6852480002853554
1.7558509989612503
1.9711570002982626
1.6496480002388125
1.7607879999559373
2.3681530001340434
1.7800910009100335
1.2299320005695336
1.7742910004017176
5.29156700031308
2.25444200077618
2.036801999565796
2.2009099993738346
1.9323960004840046
1.7064850017050048
1.9203960000595544
1.9859570002154214
2.250064999316237
1.5508449996559648
2.0365600012155483
1.6911490001803031
1.6621480008325307
2.7735809999285266
1.6569360013818368
1.2588350000442006
2.6697860012063757
1.3688460003322689
3.1234340003720718
1.8456979996699374
6.172260998937418
1.7485869993834058
2.0256009993318003
2.0502019997366006
2.4512219988537254
1.978898999368539
1.9688979991769884
2.0486600005824585
1.768652000464499
1.616646999536897
1.5395440004795091
1.5839460011193296
1.8854550016840221
2.042859998255153
1.8206500008091098
1.6650790003041038
3.1800409997231327
1.845998000135296
1.2340320008661365
1.5053610004542861
1.3597460001619766
1.7968920001294464
1.6107800001918804
2.909745000579278
2.0697030013252515
38.53571900071984
49.495234999994864
1.612546999240294
1.7733510012476472
1.6441480001958553
2.2717650008416967
1.6331470014847582
2.119460999892908
1.7206409993377747
1.8337969995627645
1.6622780003672233
2.8043000002071494
1.1908279993804172
1.6992820001178188
1.5271640004357323
1.693480999165331
1.4748579997103661
2.066402001219103
1.5885789998719702
1.9415970000409288
2.00080000104208
39.07133199936652
37.776594999741064
1.7795519997889642
1.8929550005850615
1.6412479999416973
1.5247449991875328
2.5078720009332756
2.9861460006941343
2.281443999891053
2.345351998883416
2.5239709993911674
2.089224000883405
9.53362099971855
2.2146369992697146
2.2342390002449974
2.1900350002397317
1.8930950009234948
2.0594029992935248
1.7877890004456276
1.90649499927531
1.7227490006916923
1.9262559999333462
46.21783999937179
1.4970430001994828
2.0034589997521834
1.6562479995627655
1.6424479999841424
1.3115399997332133
1.9812120008282363
1.3487440010067075
3.2195450003200676
1.9398080003156792
2.446661999783828
1.7681900008028606
2.1698320015275385
1.9907679998141248
41.70997700020962
37.92788899954758
1.8875939986173762
1.5952459998516133
1.7896520002977923
1.5646449992345879
2.1119619996170513
2.5611739984015003
1.9208560006518383
4.290925000532297
1.7225419996975688
2.238339999166783
1.9976140010840027
2.115527000569273
7.0801580004626885
1.8143950001103804
6.3713830004417105
1.8356969994783867
1.8984029993589502
3.068259999054135
1.6390809996664757
2.3270159999810858
2.5348260005557677
1.6520479985047132
1.8561540000519017
1.779252001142595
1.8235530005767941
2.2426649993576575
1.6943490008998197
11.9832470008987
2.453401999446214
2.1237279997876612
1.6748799989727559
1.8170939983974677
2.5352709999424405
8.303788999910466
1.549465998323285
1.9714120007847669
2.191834000768722
1.9469649996608496
1.7177860008814605
2.0894040007988224
1.6690829997969558
1.5751449991512345
1.724649999232497
1.9831570007227128
1.8009520008490654
1.7285500016441802
1.612847001524642
1.720950000162702
1.6532360004930524
4.2632569984562
1.744287001201883
1.8893029991886579
2.6380819999758387
2.556974000981427
1.894802999231615
1.8935030002467101
1.8241550005768659
1.929162999658729
1.6951839988905704
1.6927839988056803
1.784152000254835
1.8266530005348613
1.6958489995886339
1.7952519992832094
2.7319789987814147
1.6894489999685902
1.8900539998867316
2.0951719998265617
2.1893350003665546
2.444162000756478
2.2650419996352866
7.142164999095257
2.733291999902576
7.251176999488962
1.6508770004293183
3.868914998747641
3.8389250003092457
7.153304999519605
1.9543970011000056
1.8164899993280414
3.0107880011200905
1.791851000234601
1.804652998544043
1.7918519988597836
44.70499499984726
1.6329469999618595
1.7757509995135479
1.869254001576337
1.3519450003514066
1.7791909995139576
1.5195619998848997
1.2839369992434513
3.188441000020248
1.2972389995411504
1.3997500009281794
2.2759439998480957
2.1181790016271407
1.6519389992026845
1.7024850003508618
1.8654540017450927
2.196262999859755
1.7618510009924648
2.2843660008220468
1.9727570015675155
1.6405480000685202
1.7841519984358456
1.749551000102656
2.075422000416438
1.6005719990062062
1.9142050005029887
1.6900810005608946
2.4413610008195974
19.92953400076658
1.8162939995818306
8.634525000161375
1.9113620001007803
10.964428000079351
3.5410000000410946
1.6178799996851012
1.6497480010002619
2.343668000321486
1.9428560008236673
1.8621540002641268
36.649862999183824
1.6274469999189023
1.6731490013626171
2.433501000268734
1.9426079998083878
1.9190050006727688
1.742586000545998
1.8808010008797282
1.7094830000132788
2.675786001418601
1.5720680003141752
1.5662679998058593
3.0881610000506043
1.692943000307423
1.7946520001714816
1.640481999857002
1.7347499997413252
2.0247590000508353
2.0033580003655516
1.821752999603632
1.7391509991284693
1.7734510001901072
51.80260199995246
1.633334999496583
2.046519000941771
1.5972710007190472
1.500660999226966
2.0632209998439066
1.7278849991271272
2.6216810001642443
1.7964929993468104
1.7960929999389919
2.1158790004847106
61.612112000148045
1.1922009998670546
1.8597529997350648
2.0141589993727393
1.5949459993862547
1.5362440008175327
1.7765520005923463
1.7135500002041226
1.718149998851004
1.7457510002714116
1.4418540013139136
1.577969000209123
1.688680998995551
1.5493660011998145
2.239139001176227
66.69384399901901
2.173032999053248
1.9215060001442907
3.2539749990974087
1.6776419997768244
1.583933999427245
4.404772000270896
1.6848489995027194
1.637348001167993
1.847254001404508
1.7374499984725844
1.985158000024967
1.7587510010343976
2.453470999171259
1.8661529993551085
2.6407830009702593
1.7834909995144699
2.4499619994458044
2.84490400008508
7.850040999983321
1.8172949985455489
2.5854770010482753
2.169032000892912
1.8011529991781572
1.7585490004421445
1.64083900017431
6.928185999640846
1.9990580003650393
1.6404480011260603
1.9569569994928315
1.499644000432454
1.9002549997821916
1.8506540000089444
2.3438680000253953
1.7343430008622818
2.9100110004947055
1.6322749997925712
1.8343960000493098
1.852598999903421
1.6964819988061208
1.812393998989137
2.6422829996590735
1.7854910001915414
2.1806839995406335
8.097484998870641
7.892367999374983
2.4944119995780056
1.7300500003329944
1.8031520012300462
1.8472529991413467
1.7458509992138715
1.7238499985978706
2.538074000767665
1.7529510005260818
1.8682999998418381
2.029916999163106
1.8193949999840697
1.9297069993626792
2.0431190005183453
1.5063620012369938
2.1158270010346314
2.486366000084672
2.152582001144765
1.6811420009616995
2.0433730005606776
5.032725999626564
2.3226970006362535
2.007158000196796
1.6624480012978893
1.879154999187449
1.6207470016524894
1.8452540007274365
95.39906499958306
2.109674000166706
1.7738900005497271
1.7030830003932351
1.7740900002536364
34.01054200003273
1.6879810009413632
1.9574090001697186
2.030217001447454
2.805301000989857
2.335698000024422
2.37940199986042
1.665240000875201
6.621759999688948
2.168383000025642
1.9398560016270494
2.093860999593744
1.7819510012486717
2.0002580004074844
1.7479500002082204
1.8887540009018267
1.7180410013679648
4.545785999653162
1.5405649992317194
1.794792000509915
1.5178630001173588
1.9502079994708765
1.4961599990783725
1.5637670003343374
2.972919000967522
2.520513999115792
3.313580999019905
5.7709880002221325
2.735530999416369
2.353198999117012
1.9077550005022204
1.8625539996719453
2.2366649991454324
1.6393469995819032
2.629475999128772
1.6733379998186138
2.096525000524707
1.9479089987726184
2.1265280010993592
1.5805700004420942
1.6175740001926897
1.2843379990954418
1.363045999823953
1.62717400053225
3.7346159988373984
1.3521150012820726
1.779251000698423
3.1411659983859863
2.082875998894451
8.261298999059363
1.7476500015618512
1.9490569993649842
1.8405529990559444
1.8316529985895613
2.319766999789863
1.8650540005182847
2.081523000015295
1.5582669984723907
1.4310530004877364
1.7495869997219415
51.068369999484275
1.7689889991743257
1.7985920003411593
1.517263001005631
2.582019000328728
1.217602999531664
1.689442999122548
3.9520350001112092
2.2246880016609794
2.4673079988133395
1.6485469986946555
2.017158998569357
2.1340610001061577
1.7469499998696847
1.6228469994530315
1.6180729999177856
1.7363859988108743
1.2998390011489391
1.597370999661507
1.4941600002202904
1.870000000053551
2.159630999813089
1.7553880006744293
1.811853999242885
2.5918190003721975
1.9176629994035466
1.6606400004093302
2.5729179997142637
2.2405899999284884
2.250589999675867
1.832953001212445
1.83435299913981
51.07108099946345
3.734207999514183
1.9028570004593348
2.180633999159909
1.9059049991483334
1.6440759991382947
1.5014599994174205
1.4988599996286212
40.52854099973047
1.825995001127012
1.8816020001395373
1.7094449995056493
2.5368149999849265
1.5389299987873528
1.6432390002592001
1.7867509995994624
1.9803680006589275
10.297370999978739
2.0402589998411713
1.8395529987174086
1.868953999291989
2.5316740011476213
1.9324590011819964
2.1184270008234307
1.9568099996831734
1.8951029996969737
1.8112940015271306
1.729985000565648
1.8505980006011669
2.0365180007502204
1.4320530008262722
1.912362000439316
2.7964370001427596
2.2046869999030605
2.4414069994236343
6.68696600041585
2.181783998821629
1.8454560013196897
1.5977460006979527
1.6836480008350918
2.971885998704238
2.129562000845908
2.7526949997991323
2.484966000338318
2.699688999200589
1.9173060009052278
2.461164000123972
11.569739001060952
3.7481010003830306
8.936756999901263
2.5285140000050887
10.056151000753744
7.425627998600248
7.691251001233468
1.9539660006557824
8.015878000151133
7.573441000204184
7.234613000036916
2.120561999618076
1.7230499997822335
3.3101959998020902
1.466820998757612
1.6259739986708155
1.5165630011324538
1.6727790007280419
1.422551998985
1.7798909993871348
1.636975999645074
2.1119259999977658
2.2877450010128086
3.41258800108335
1.2600060017575743
2.9431490002025384
1.7006439993565436
1.8750589988485444
2.0363730000099167
187.4976630006131
2.048673999524908
1.8343530009587994
1.945056001204648
2.1193619995756308
1.7823460002546199
1.1974280005233595
2.0475189994613174
1.2016290002065944
1.6439759983768454
1.4546559996233555
1.4016500008438015
1.4384540008904878
1.456156000131159
1.979568000024301
1.7915520002134144
2.7576330012379913
2.3010940003587166
1.9118620002700482
1.978767000764492
1.945363999766414
3.0708600006619236
1.8800540001393529
2.039359000264085
1.926756000102614
1.6670790009811753
1.9028030001209117
1.987212999665644
1.600771000084933
1.6132729997480055
1.8963029997394187
1.483158999690204
3.0826309994154144
2.3099950012692716
61.081368001396186
1.8392550009593833
2.736431000812445
2.0346720011730213
8.349805999387172
2.200185999754467
2.1458820010593627
2.2321529995679157
1.732050001010066
2.2030640011507785
1.433718000043882
1.780590999260312
1.6403760000684997
1.5825690006749937
1.880200999949011
1.7128830004367046
1.573368999743252
1.9642099996417528
1.2505340000643628
2.012971001022379
1.704845000858768
1.7798509998101508
4.4683779997285455
2.2280879984464264
3.1317650009441422
9.0000609998242
7.183707000876893
6.668756999715697
1.8889549992309185
1.7123500001616776
1.8870559997594682
1.850197999374359
1.606371999514522
1.1934279991692165
2.133027999661863
1.2288319994695485
1.2395330013532657
1.7838909989222884
1.191427998492145
1.434521000192035
3.616706000684644
7.832262001102208
61.9950450000033
2.229988000181038
2.2243879993766313
2.0046699992235517
2.6707830002123956
2.9097000006004237
2.194562999648042
1.3834130004397593
1.70688299840549
1.4100509997660993
1.5617669996572658
47.98244000085106
1.5988709983503213
1.665377998506301
1.7420860003767302
1.5237629995681345
1.7802510010369588
1.8267539999214932
2.4426059990219073
2.594520001366618
2.9514500001823762
2.0027689988637576
9.870435000266298
2.2441900000558235
5.877003999557928
2.1506480006792117
2.0942609990015626
1.662037000642158
4.114241000934271
1.476657998864539
1.9858129999192897
1.5320649999921443
1.656776999880094
1.4422549993469147
1.832596000895137
1.8467970003257506
1.8876600006478839
6.701567001073272
8.0290790010622
4.283962998670177
3.7295150013960665
4.037342001538491
3.035157000340405
6.851770000139368
2.3548619992652675
1.9397329997445922
1.7044489995896583
1.2546350008051377
1.73248600003717
1.2211309986014385
1.7783909988793312
1.797291999537265
1.6565770001761848
1.5553670000372222
1.5153629992710194
2.3797009998816065
2.3600000004080357
47.664032001193846
1.7462479991081636
2.422505000140518
18.82189199932327
2.0235709998814855
1.7345470005238894
1.95053399875178
3.6254490005376283
1.9616339995991439
23.67567900000722
16.966563000096357
1.23150300009911
0.9586349999608501
0.8395560000735713
0.8069410000643984
0.8067310000114958
0.6854170001133753
1.386897999964276
0.7111190000159695
0.7597280000481987
0.8626730000287353
0.6931000000349741
0.6990360000145301
1.5292330001557275
0.7553979999102012
0.9387299999161769
0.998583000182407
0.7955560001846607
0.6960329999401438
18.077590999837412
16.78434800010109
1.1622199999692384
1.705442000002222
0.8977340000910772
0.8531749999747262
0.7917150001048867
0.87748000009924
1.0223990000213234
0.8325019998665084
1.2867460000052233
0.985732000117423
0.8281719999558845
0.7697850001022744
1.5459950000149547
0.6942869999875256
0.8908889999474923
0.8399049997933616
0.7455499999196036
0.7139120000374533
18.304501999864442
0.8939629999531462
0.8506609999585635
2.1124750001035864
0.9429900001123315
1.4269869998315698
16.780921999952625
0.7281599998805177
0.7498800000576011
0.7690170000387297
0.9241330001259485
0.7426170000144339
1.0069649999877583
0.7532330000685761
1.6861650001374073
0.7863370001359726
0.7653850000224338
1.0201640000104817
1.0684230001061223
0.8577839998906711
0.8356450000519544
0.9279749999677733
19.084064000026046
18.48112800007584
0.9763740001744736
1.0116440000729199
0.9848940001120354
0.7920640000520507
0.8831370000734751
0.952908000044772
0.8440960000370978
0.7624509999004658
0.78263499995046
0.8644189999813534
1.7127050000453892
0.8090349999747559
1.0897950000980927
0.7264139999278996
0.9499739999228041
0.9489960000337305
17.205697999997938
18.507458999920345
18.929088000049887
0.8865590000368684
0.7707629999913479
0.9367739999106561
0.7042740000997583
0.7078370001636358
0.8385779999571241
0.7817279999926541
0.721664999900895
0.855409999985568
1.6729659998873103
0.6840900000497641
1.8361139998432918
0.9042990000125428
0.9735800001635653
1.930328000071313
0.770274000160498
0.6644640000104118
22.066825999900175
0.9677829998508969
1.02693899998485
20.355516000108764
22.179197000014028
0.9496949999174831
0.9089079999284877
0.6373670000812126
0.675289999890083
0.7936699998936092
1.16962400011289
0.7404519999454351
0.7831940001779003
0.7685970001602982
2.154168999823014
0.7000139999036037
0.7273910000549222
1.9416420000197832
0.7324199998492986
1.077992000091399
18.729273999952056
16.844689999970797
1.3751649998994253
1.0266589999901043
0.7584009999845875
16.178127000102904
1.2472159999106225
2.120574999935343
1.0950329999559472
0.9745580000526388
0.924692000126015
0.7515569998304272
0.817696000012802
1.07079800000065
1.7083750001347653
0.9572369999659713
0.8908190000056493
0.8021910000479693
0.7904569999936939
0.8494030000747443
17.93818700002703
0.725924999869676
0.7938100000046688
21.653227000115294
0.7866169999033445
1.0321769998427044
0.7433160001255601
0.7041339999886986
0.9524190002139221
0.9698090000256343
0.6676779998997517
0.9237140000095678
0.7822869999927207
0.8861389999310632
1.4721039999585628
0.716286999931981
0.7515560000683763
0.8227240000451275
1.1151470000640984
0.9189649999825633
0.7887809999829187
1.7453210000439867
20.915638999895236
1.6485920000377519
1.5839190000406234
0.9485779999067745
0.7273910000549222
1.7965849999654893
0.9022730000651791
0.846120999995037
0.7387050000033923
0.7241089999752148
0.9290919999784819
1.2086639999324689
1.4746179999747255
0.792063999824677
1.012132000141719
1.1880609999934677
1.1598460000641353
0.7672009999168949
0.9677140001258522
19.289886000024126
1.9838979999349249
18.530994000002465
0.8899110000584187
19.678336999959356
0.8674919999975828
0.7624519998898904
0.6852770000023156
0.7141920000321988
0.6500079998659203
0.7025979998616094
0.7341659998019168
0.7364009998127585
1.7441340000914352
1.6094810000595317
0.7802610000453569
0.6872329997804627
0.7506479998937721
0.8230030000504485
1.0377639998750965
0.855828999874575
0.8852319999732572
0.7984189999206137
0.8904700000584853
0.9451549999539566
0.7660129999749188
0.8159500000601838
0.7211760000700451
0.6757800001651049
0.7754420000765094
0.8405329999732203
1.302250999970056
0.7993280000846426
1.856506999956764
0.6831829998645844
0.6954049999876588
0.7070679998832929
0.7984199999100383
1.010316000019884
18.488462999812327
17.398945999957505
1.0802280000916653
1.5015069998298713
1.9941640000524785
0.7934610000575049
0.8429780000369647
0.7335370000873809
0.9621260001040355
0.7274609999967652
0.906184000086796
0.6670489999578422
0.855130999980247
0.6888390000767686
2.932752999868171
0.9402659998158924
0.8483560000058787
1.1098390000370273
0.8074990000750404
0.8977329998742789
0.6845099999281956
0.8511500000167871
0.9056950000285724
0.747994999983348
2.4523889999272797
0.9788879999632627
1.1960239999098121
0.7500900001105038
1.1711600000126055
0.7606359999954293
1.1203159999695345
1.0569700000360172
0.72578499998599
1.4392780001344363
1.6562729999805015
1.2323410001044977
1.2071979999745963
0.9834980000960059
0.9173579999242065
1.2956860000485904
18.6615279999387
20.291612000164605
18.15511199993125
3.638565000073868
1.0916809999343968
0.7387059999928169
0.7315820000712847
0.6865349998861348
0.8947299997998925
1.1072549998516479
0.852056999974593
2.083909000020867
0.7176829999480105
0.9412439999323396
1.5611509998052497
0.856247000001531
0.814691999948991
0.7692259998748341
0.8483550000164541
1.1210829998162808
0.7236200001443649
0.8061020000695862
1.2763409999934083
0.9559810000610014
0.8799939998880291
1.1326080000344518
1.0713579999901413
1.0773639999115403
0.7916449999356701
0.8798540000043431
1.0826709999491868
0.985872000001109
0.8197209999707411
1.3929740000548918
1.7958149999230955
0.9320250001110253
0.9601009999187227
0.7588890000533866
0.7806799999343639
0.7612639999479143
17.90361700000176
1.022609000074226
21.300112000062654
0.9533959998861974
0.8973149999746965
0.6832519998170028
0.858972000060021
0.7086739999522251
1.774864000026355
1.1326769999868702
0.8158800001183408
0.6853479999335832
0.8374599999569909
0.8002360000318731
1.4290820001860993
0.6620210001528903
0.669214000026841
0.799327000095218
0.7872449998558295
0.6624400000418973
0.7558869999684248
1.092938000056165
1.2450509998416237
1.070449000053486
1.6244270000242977
0.7463880001523648
0.7618229999479809
0.7280899999386747
0.7041349999781232
0.9142860001247755
0.7579119999263639
1.2951270000485238
0.9105139999974199
0.7332579998546862
1.3943009998911293
0.7209670000065671
1.0112239999671147
0.7731370001238247
0.9525580001081835
0.9865000001809676
18.716911999945296
1.0584369999833143
1.2429569999312662
1.0531989998980862
0.8865580000474438
0.6794809999064455
0.7361919999766542
16.789022000011755
1.1882010001045273
1.15314100003161
0.7873849999668892
1.0219800001323165
0.7878730000356882
0.8211879999180383
3.1507959999999002
0.8200700001452788
0.7736259999546746
1.7946980001397606
0.8012130001588957
0.7789339999817457
0.8373910000045726
1.2863969998306857
0.8684009999342379
0.7893399999829853
0.9545830000661226
0.8478669999476551
0.747715999978027
1.0531289999562432
1.1418960000355582
0.782495999828825
0.721943999906216
0.7622430000537861
0.7143309999264602
1.1817760000667477
2.0529000000806263
1.0434910000185482
0.7711119999385119
0.7555370000318362
0.943619000054241
0.7579120001537376
20.571044000007532
0.8817400000680209
0.9415929998795036
1.6256139999768493
0.7692960000440507
0.7016199999725359
17.704355999967447
1.1626389998582454
1.0559929999089945
1.4735010001913906
0.893054000016491
1.1045319999993808
1.7980499999339372
1.0937070001091342
2.3775889999342326
0.9544439999444876
1.1891080000623333
1.9517000000632834
1.121014000091236
1.0756169999694976
0.8183249999547115
1.454155000146784
1.170461000128853
32.679896999979974
17.163580999977057
0.7918549999885727
1.0822520000601799
0.7029470000361471
0.7959749998462939
0.7537209999100014
1.1273689999597991
0.8445139999366802
0.7661530000859784
0.6847189999916736
1.5121920000638056
0.7005029999618273
0.7683179999276035
0.6813659999806987
0.852335999979914
0.7664320000912994
1.0611599998355814
1.2150900001870468
1.0244939999211056
1.2239590000717726
0.8765719999246357
0.7257160000335716
0.953815000002578
0.725436000038826
1.1466460000519874
1.0779919998640253
1.1754899999232293
1.6270109999823035
0.7368199999291392
0.8919370000057825
1.7344259999845235
0.707276999946771
0.7611240000642283
1.4412339999125834
0.7665020000331424
0.8276130001831916
19.620092999957706
1.246867999952883
1.2008420001166087
2.4556020000545686
0.8206289999179717
0.6792019999011245
0.7164259998262423
0.8202789999813831
0.8070099997894431
1.473849999911181
0.8382979999623785
0.7485539999834145
0.7507880000048317
0.8294990000194957
1.8119480000677868
0.9958600001027662
0.8028889999422972
0.8636509999178088
0.8980830000382412
0.7870350000303006
0.6966619998820534
1.092589000109001
0.836064000168335
0.8127369999328948
0.7831949999399512
0.7336780001878651
0.9127490000082616
0.9450160000596952
0.7309529999020015
1.4948020000247197
1.3538630000766716
0.916170999971655
0.8108510000965907
1.0299420000592363
1.423214999931588
0.9760939999523544
0.9559109998917847
1.1424549998082512
0.9310469999945781
0.7310930000130611
2.0112049999170267
0.9883169998374797
0.9122600001774117
1.1786329998813017
0.8415819997935614
0.8342480000465002
0.7852890000776824
0.943688999996084
0.7145409999793628
1.9990530001905427
1.0760359998585045
1.1321889999180712
0.8308259998557332
0.7839620000140712
1.7351939998206944
1.0764549999748851
0.7087440001214418
1.5610799998739822
0.8373910000045726
0.7425469998452172
0.8419309999680991
0.8814609998353262
0.8709849998922436
1.0029840000242984
0.9103049999339419
0.8473780001168052
1.0160440001527604
0.7304650000605761
1.1034839999410906
1.117033999889827
1.0455859999183303
0.8016320000479027
0.956749000124546
0.9425010000541079
1.6019370000321942
0.8259369999450428
1.0641630001373414
0.7293469998330693
1.2333879999459896
1.0636039999099012
1.4869800002088596
1.079249999975218
0.7744639999600622
15.705793999813977
0.7651749999695312
0.925669000025664
0.8776889999353443
0.7011309999143123
0.8860690002165938
0.92580899990935
0.7226420000279177
0.702807999914512
0.7211060001282021
0.7486229999358329
1.4717540000219742
1.0387419999915437
0.9699489999093203
0.7995369999207469
1.0096879998400254
1.2901679999686166
0.8308260000831069
0.8017019999897457
0.944316999948569
2.247964999924079
0.8289400000194291
0.712375999910364
0.6812260000970127
0.7299060000605095
0.9530470001664071
1.236251999898741
0.7230620001337229
0.7000840000728203
0.9304879999945115
1.3455519999752141
1.7633390000355575
1.0098269999616605
0.7326290001401503
0.9695989999727317
1.0006779998548154
0.7593089999318181
0.7183120001172938
19.323686999996426
1.2505689999215974
0.7601470001645794
0.8418610000262561
0.9829389998685656
0.7439440000780451
0.9279049997985567
1.0886779998600105
0.7321410000713513
0.9480879998591263
0.7350039998073044
0.7540710000739637
0.8306170000196289
1.4778299998852162
0.9513699999388336
0.8255179998286621
1.2230509998971684
0.9860119998847949
0.8198599998650025
0.7846609998978238
0.7788640000399027
0.9182660000988108
0.8531749999747262
0.7484139998723549
0.8743359999243694
0.6763379999483732
17.75722500019583
0.6919130000824225
1.03825299993332
0.7622419998369878
0.7721590000073775
0.9327230000053532
0.8091050001439726
1.4150430001791392
0.976513000068735
0.7839630000034958
0.808616000085749
0.6812269998590637
0.754209999968225
19.396741000036855
1.5927889999147737
1.083649000065634
0.9601010001460963
0.9366340000269702
0.7788639998125291
0.7405910000670701
0.7181729999956588
0.7206870000118215
0.9457839998958661
1.1092810000263853
0.9815419998631114
0.7291379999969649
0.9629650000988477
1.4675639999950363
0.8223050001561205
0.7310930000130611
0.8317340000303375
1.584896000167646
0.7841720000669739
1.8893329997808905
0.9211310000409867
0.8035180001115805
0.7592389999899751
0.8975939999800175
0.9940439999809314
0.8274740000615566
0.7201290000011795
0.6796210000175051
0.7276010001078248
0.7595879999371391
0.6685849998575577
0.7335380000768055
0.7806099999925209
1.7099809999763238
0.7654549999642768
0.836762000062663
0.7565149999209098
0.6935179999345564
0.8026800001061929
0.8885839999948075
16.75075299999662
0.9377520000271033
0.8161600001130864
1.552351000100316
2.0305499999722088
0.66893500002152
0.6992459998400591
0.7079759998305235
0.7506490001105703
0.7449219999671186
0.8894919999420381
0.6757789999483066
0.8607170000232145
2.2592089999307063
0.7086740001795988
0.7067879998885473
0.6707510001433548
0.7875240000885242
0.6949159999294352
1.0689830000956135
0.7648260000223672
0.8704249999027525
0.7941589999518328
0.9487170000284095
0.7366109998656611
1.1717879999650904
0.827194000066811
0.7835429998976906
0.9911100000863371
1.0188369999468705
0.9839169999850128
0.8357849999356404
0.8173460000762134
1.656901999922411
1.995978999957515
0.707486000010249
0.7192900000063673
1.5228080001179478
0.9774210000159655
21.129211000015857
21.70022800009974
0.9085589999813237
0.8289400000194291
0.6752209999376646
0.6602749999728985
0.7546300000740302
0.9037400000124762
1.673175000178162
0.6653039999946486
0.7086049999998068
0.7593090001591918
0.722571999858701
0.7831249999981083
1.7709520000153134
0.8448630001112178
2.0605820000128006
0.6760589999430522
0.7910159999937605
0.7044129999940196
0.8060330001171678
1.6904270000850374
0.7563059998574317
0.7673410000279546
1.390111000091565
0.6817150001552363
0.9656189999986964
0.836832000004506
0.7516260000102193
0.8440259998678812
0.6617420001475693
2.0823719999043533
0.8290099999612721
0.8438159998149786
1.7842209999798797
0.8687489998919773
0.8036570000058418
0.7570730001589254
0.7024579999779235
1.1328169998705562
0.8219559999815829
0.782076999939818
0.7095119999576127
1.036367000097016
1.9512110000050598
0.725505999980669
0.7377980000455864
0.6980579998980829
0.7816580000508111
0.693797999929302
0.9744179999415792
0.7368199999291392
0.7335380000768055
0.7739749999018386
1.6783430000941735
0.7198490000064339
0.8292889999665931
0.753861000021061
0.6990360000145301
0.9620559999348188
0.9939739998117147
0.7344450000346114
16.38541400006943
0.7692970000334753
1.3762830001269322
0.780121000161671
0.9767230001216376
19.55073500016624
1.500809000162917
0.814552999827356
0.7808200000454235
2.0158130000709207
0.883695000084117
0.8540819999325322
1.4076400000249123
0.7399629998872115
0.706858000057764
0.906881999981124
0.748483000052147
0.6949849998818536
1.1274399998910667
1.068842999984554
0.6887689999075519
0.8101529999748891
0.8366219999516034
0.7964640001318912
0.7267630001024372
0.8113410001442389
0.6893980000768352
0.8838350001951767
0.8397649999096757
0.8772700000463374
0.7218050000119547
0.906323999970482
1.5137979999053641
1.7327489999843237
0.9739290001107292
0.9600309999768797
0.8618350000233477
1.0647219999100344
1.9183169999905658
0.8695879998867895
0.7320709999021346
0.7302550000076735
0.775652000129412
0.9721829999307374
0.7171249999373686
0.7340269999076554
0.8449330000530608
0.9911100000863371
0.7797030000347149
0.8637199998702272
1.0999920000358543
1.0226079998574278
1.4890750001086417
0.865326999928584
0.8021910000479693
1.2490320000324573
0.8440260000952549
0.7773970000926056
0.7604960001117433
0.9961389998807135
1.584687000104168
0.7889210000939784
0.734167000018715
0.7330490000185819
0.7709720000548259
1.3870370000859111
0.7877339999140531
1.4423510001506656
1.2612540001555317
0.7870360000197252
0.8582729999488947
1.1655719999907888
1.464490999978807
0.7517659998939052
1.3074180001240165
0.7880129999193741
0.7113279998520738
1.1179410000750067
0.9258100001261482
0.9206409999933385
0.7620330000008835
0.6975689998398593
0.9596120000878727
19.72470800001247
0.8378790000733716
1.0430719999021676
0.9213389998876664
0.7301849998384569
1.3758620000317023
0.8938920000218786
0.7845910001833545
0.8116889998746046
1.4329929999803426
1.1131910000585776
0.8494730000165873
0.7396830001198396
0.837390000015148
0.8234219999394554
0.9488559999226709
1.0670970000319357
0.7564449999790668
0.9661070000674954
0.7895500000358879
0.7179630001701298
0.9249709999039624
0.8012130001588957
0.9640119999403396
1.067866000084905
0.8627429999705782
1.0321069999008614
0.884811999867452
1.0173699999995733
2.213462999861804
0.8116190001601353
0.9501839999757067
0.8792950000042765
0.8519870000327501
0.8565970001654932
29.774520999808374
0.9055559999069374
0.9026920001815597
1.8901009998444351
0.8454229998733354
0.8904000001166423
0.9701579999727983
0.8087560001968086
1.0398590000022523
0.8562479999909556
0.9638730000460782
0.7517660001212789
1.8758530000013707
0.9631030000036844
1.5513719999944442
1.0343410001496522
0.7325600001877319
0.8901199998945231
0.8033780000005208
0.7461779998720885
1.0067549999348557
0.667888000180028
0.6829030000972125
15.79365200018401
0.6701219999740715
0.7631510000010167
0.684369999817136
1.2445630000001984
0.8034479999423638
0.7250169999224454
0.7141919998048252
0.6438620000608353
0.734934000092835
0.6226999998943938
1.3262759998724505
16.352511999912167
0.8816690001367533
1.1078139998517145
0.6888390000767686
0.7593789998736611
0.8495429999584303
0.874336999913794
1.732820000142965
1.2702640001407417
1.2405820000367385
0.8027500000480359
1.0821129999385448
0.9228059998349636
1.2257750001936074
0.7601469999372057
0.9189639999931387
1.1323979999815492
0.9408250000433327
0.8483550000164541
1.619536999896809
0.991598999917187
0.7570729999315517
0.6900260000293201
0.9677829998508969
0.7465270000466262
0.995370000055118
0.9172179998131469
0.8772000001044944
0.7310240000606427
1.8610470001476642
0.7607749998896907
0.7201290000011795
0.646585999902527
0.6761279998954706
0.799327000095218
0.925250000136657
0.9047870000813418
1.7285579999679612
1.098385999966922
1.8051739998554694
0.7842420000088168
0.7276010001078248
0.7916439999462455
0.8593899999596033
0.7574229998681403
2.9555920000348124
0.658599000189497
0.7150999999794294
0.7607059999372723
0.884044000031281
0.6629990000419639
0.6995250000727538
0.7101409998995223
0.6928909999714961
0.6421860000500601
0.8216070000344189
1.25901900014469
0.9113520000028075
1.059274999988702
1.5168009999797505
0.7282990000021528
0.9390790000907145
1.0906329998761066
1.1237369999435032
0.7173340000008466
1.0856050000711548
0.7806799999343639
0.8211869999286137
0.7279500000549888
1.0865130000183854
1.3975140000184183
0.7831939999505266
0.970158000200172
0.7037160000891163
0.9917380000388221
0.7412899999508227
1.3488339998275478
0.9797960001378669
1.0930769999504264
2.058556000065437
0.9135870000136492
0.7936700001209829
0.865605999933905
1.0631160000684758
1.0710779999953957
0.6659319999471336
0.8500320000166539
0.7967429999098385
0.9807740000269405
0.8116189999327617
0.9936950000337674
0.7538620000104856
0.7730670001819817
0.7213859998955741
0.978817999794046
0.9621960000458785
0.7007819999671483
0.7972319999680622
0.7926920000045357
1.55270000004748
0.7363309998709155
0.9216190001097857
0.9939740000390884
1.1103969998202956
0.7557460000953142
